,mean,std
0,57.077404047416906,1.1499696916926916
1,112.39383663158262,1.4367728608943662
2,112.00584939847911,1.4819883127062459
3,112.15449077202508,1.268770249372371
4,112.7537181772154,1.6908560134218664
5,112.54810089768519,1.2071316473110338
6,112.68198083449902,1.0872099083524165
7,112.50343668502141,1.121886623641049
8,112.23576274766442,1.3520214952879153
9,112.69918628405856,1.325952772903351
10,112.61789831254063,1.3729490114498535
11,113.21744746845533,1.6638315683649256
12,112.40493235480623,1.6827451824162394
13,112.59212442090988,1.6960534606012323
14,112.37341775104514,1.3759096098324883
15,112.5447815965963,1.5978540746644727
16,112.173161725937,1.3527230462756061
17,112.56173386117737,1.4482141981978418
18,112.24242305957941,1.4100901749074144
19,112.54773511136952,1.501924427700034
