,mean,std
0,1566.4160458700285,418.13256825068765
1,2797.5812973976253,970.3073622749741
2,2570.3349884471913,883.6564125444006
3,2224.3578311693504,947.2485951640577
4,2112.8908182583755,786.3139980572965
5,2500.0026672318845,911.9023817600988
6,2592.352970824274,996.9355148710422
7,2847.3566112806575,969.7194471988197
8,2791.3853592034766,949.9211365629099
9,2529.000959037018,879.1134768709813
10,2632.16045919728,928.8985485712625
11,2320.8021111346643,1022.1519978043838
12,2612.702549590326,968.5002381968116
13,2696.9827953275017,1047.1372873497203
14,2605.99618737588,983.8786877031325
15,2967.6166940549383,1023.5113173518197
16,2655.548956605835,988.9203761197326
17,2260.582301460229,923.9756832940745
18,2561.0911552247235,1102.207668852374
19,2343.1348387550215,976.213390812282
