,mean,std
0,147.54326727480944,2.349076698569138
1,248.89266076586864,18.10897108060353
2,232.73687593692276,35.59155035755591
3,238.59717211323445,29.70925859932884
4,229.2842924983317,38.07727831082089
5,234.06700242231665,37.1087915254412
6,239.2717562566032,29.750759311512585
7,237.33655472066698,33.49151703426437
8,227.8207081972715,36.16488979268907
9,246.10605275673302,18.45599966301986
10,224.81720764302116,38.50269350233134
11,239.21418566681578,36.2272599191404
12,226.9228118821681,38.60835402158
13,230.19266871831186,34.42736159691216
14,217.64477995234597,43.328185588480075
15,234.6205129996893,37.48837388080712
16,239.200560027229,29.193386027285015
17,235.94454424058299,32.67182949349676
18,243.84191432085777,25.78053404890399
19,227.04983779452718,35.84295691173509
